walker2d-medium-replay-v2
Num_levels: 1
Mean: 1.407488
Std: 1.035584
Variance: 1.072434
Max: 14.888355
Min: 0.007189
Median: 1.120901
90th_percentile: 2.801585
95th_percentile: 3.442083
99th_percentile: 4.958908

walker2d-medium-replay-v2
Num_levels: 10
Mean: 1.409499
Std: 0.426714
Variance: 0.182085
Max: 4.804370
Min: 0.218871
Median: 1.362874
90th_percentile: 1.968183
95th_percentile: 2.181010
99th_percentile: 2.629574

